0 0.300926 0.786450 0.003472 0.021395
0 0.291667 0.778130 0.006944 0.015848
0 0.264757 0.767036 0.010995 0.020602
0 0.199363 0.757132 0.006366 0.007132
0 0.278646 0.754754 0.023727 0.022979
0 0.706308 0.726624 0.008681 0.009509
0 0.739583 0.763471 0.153935 0.097464
0 0.269676 0.710380 0.023148 0.046751
0 0.250579 0.694532 0.016204 0.015055
0 0.189815 0.689382 0.006944 0.009509
0 0.207755 0.686609 0.004630 0.007132
0 0.236111 0.664025 0.008102 0.009509
0 0.310185 0.605388 0.003472 0.007924
0 0.302951 0.591918 0.013310 0.022187
0 0.283275 0.588748 0.006366 0.017433
0 0.206019 0.569334 0.005787 0.010301