0 0.776331 0.447452 0.007523 0.012739
0 0.915799 0.429538 0.005208 0.007166
0 0.820602 0.416003 0.009259 0.015127
0 0.790220 0.412022 0.016782 0.016720
0 0.855903 0.363455 0.006944 0.007166
0 0.875579 0.347134 0.008102 0.007962
0 0.907986 0.326433 0.004630 0.007962
0 0.926505 0.321258 0.006944 0.018312
0 0.853877 0.317675 0.012153 0.019108
0 0.831308 0.302946 0.028356 0.046975
0 0.914641 0.255971 0.004051 0.008758
0 0.819155 0.253981 0.029514 0.038217
0 0.702257 0.273885 0.083912 0.081210
0 0.837963 0.242038 0.012731 0.022293
0 0.802662 0.232882 0.008102 0.018312
0 0.788773 0.226513 0.005787 0.018312
0 0.308738 0.230892 0.064236 0.054140