0 0.250868 0.994503 0.007523 0.004581
0 0.118056 0.993129 0.003472 0.003665
0 0.157407 0.987174 0.006944 0.004581
0 0.127604 0.970224 0.008681 0.005497
0 0.321181 0.964956 0.004630 0.005039
0 0.170139 0.958772 0.020833 0.010994
0 0.265336 0.946404 0.020255 0.010994
0 0.237269 0.935639 0.008102 0.007787
0 0.211806 0.932661 0.005787 0.008246
0 0.170139 0.939991 0.034722 0.023820
0 0.256366 0.925332 0.011574 0.009162
0 0.172743 0.905176 0.004051 0.004581
0 0.024884 0.906093 0.017361 0.010994
0 0.142361 0.902886 0.003472 0.007329
0 0.041088 0.900825 0.009259 0.005955
0 0.181424 0.748282 0.004051 0.009620
0 0.243634 0.778974 0.150463 0.180944