0 0.193866 0.950000 0.010417 0.006122
0 0.242766 0.919005 0.004051 0.005357
0 0.316262 0.921429 0.015625 0.019388
0 0.202546 0.908546 0.010417 0.006888
0 0.676505 0.465816 0.017361 0.003571
0 0.664062 0.463648 0.009838 0.002296
0 0.675347 0.455740 0.028935 0.005867
0 0.731771 0.447704 0.043403 0.009694
0 0.759838 0.435714 0.065972 0.014796
0 0.337963 0.431250 0.039352 0.009439
0 0.285590 0.426913 0.065394 0.011480
0 0.635706 0.423852 0.054977 0.011480
0 0.615451 0.439413 0.127894 0.044643
0 0.215856 0.419388 0.043981 0.012755
0 0.379919 0.396556 0.043403 0.007398
0 0.732060 0.390434 0.009259 0.003827
0 0.303819 0.385842 0.010417 0.004337
0 0.293403 0.411607 0.315972 0.060459
0 0.379630 0.380867 0.070602 0.017347
0 0.380787 0.372704 0.035880 0.007653
0 0.313657 0.348087 0.040509 0.006378