0 0.891493 0.976990 0.004051 0.006443
0 0.875579 0.968937 0.003472 0.005983
0 0.835069 0.967556 0.010417 0.013346
0 0.876157 0.956052 0.011574 0.012425
0 0.896412 0.936723 0.061343 0.023470
0 0.737847 0.927289 0.016204 0.008283
0 0.960648 0.929360 0.028935 0.022549
0 0.887442 0.904050 0.005208 0.005983
0 0.736400 0.905200 0.017940 0.011965
0 0.853009 0.901749 0.008102 0.012425
0 0.701100 0.895306 0.008681 0.004142
0 0.894387 0.866084 0.004051 0.003682
0 0.906829 0.773125 0.005787 0.011965
0 0.890046 0.741832 0.003472 0.010124
0 0.937211 0.774505 0.125579 0.184998