0 0.121528 0.906848 0.026620 0.004041
0 0.403646 0.828584 0.016782 0.003828
0 0.330729 0.814441 0.007523 0.001276
0 0.294560 0.815770 0.037037 0.004360
0 0.260417 0.808858 0.049769 0.009251
0 0.300926 0.799022 0.009259 0.001276
0 0.574653 0.796576 0.054398 0.006168
0 0.793403 0.791738 0.012731 0.002658
0 0.676505 0.784081 0.010417 0.001595
0 0.703704 0.781423 0.024306 0.003084
0 0.692130 0.780838 0.012731 0.001914
0 0.788773 0.770683 0.006944 0.001808
0 0.771123 0.769088 0.007523 0.001170
0 0.774016 0.768503 0.005208 0.000851
0 0.732928 0.771214 0.140625 0.013292
0 0.749132 0.760527 0.173032 0.021906
0 0.262153 0.165727 0.074074 0.053701
0 0.035880 0.149192 0.069444 0.067418
0 0.178819 0.147597 0.175926 0.089536
0 0.107060 0.091344 0.018519 0.005104