0 0.578993 0.483923 0.108218 0.079314
0 0.238715 0.485263 0.471644 0.085209
0 0.292824 0.421758 0.040509 0.012862
0 0.076968 0.423633 0.009259 0.017685
0 0.385995 0.423901 0.016204 0.030011
0 0.345197 0.404073 0.010995 0.010718
0 0.420428 0.408092 0.037616 0.021972
0 0.057870 0.404073 0.013889 0.020364
0 0.371817 0.395498 0.026042 0.016077
0 0.256944 0.381029 0.020833 0.016077
0 0.450231 0.369239 0.006944 0.013934
0 0.311632 0.338692 0.031829 0.043944
0 0.447338 0.283762 0.013889 0.017685
0 0.313947 0.262326 0.042245 0.011254